      0/49        0G   0.09844   0.01868         0    0.1171         5       640   0.03493    0.1111  0.005393 0.0009501    0.1344   0.01663         0
      1/49        0G     0.092   0.01725         0    0.1092         7       640   0.04522    0.3333   0.01788  0.003321    0.1314   0.01497         0
      2/49        0G   0.08127   0.01546         0   0.09673         2       640   0.03462    0.2222   0.01839  0.003758    0.1274   0.01347         0
      3/49        0G   0.08446   0.01411         0   0.09857         5       640    0.9996    0.1111    0.1423   0.01543    0.1189   0.01225         0
      4/49        0G   0.07522   0.01262         0   0.08784         6       640    0.9997    0.1111      0.13   0.03718    0.1194   0.01109         0
      5/49        0G   0.07039   0.01151         0   0.08191         4       640    0.3984    0.2222       0.2   0.07002    0.1208   0.01015         0
      6/49        0G   0.07685   0.01068         0   0.08753         6       640    0.9989    0.1111    0.1693   0.05575    0.1172  0.009816         0
      7/49        0G   0.06979  0.009964         0   0.07976         3       640    0.9994    0.1111    0.1519   0.05252    0.1159  0.009491         0
      8/49        0G   0.07642  0.009269         0   0.08569         3       640    0.4893    0.1111   0.07361   0.03212    0.1132  0.009334         0
      9/49        0G   0.04993  0.008649         0   0.05858         3       640   0.05495    0.1111   0.02488  0.007686    0.1135  0.008874         0
     10/49        0G   0.06989  0.008123         0   0.07802         3       640    0.9779    0.1111    0.1356   0.06459    0.1123  0.008533         0
     11/49        0G   0.07339  0.007598         0   0.08099         4       640    0.9956    0.1111    0.1563   0.07235    0.1128   0.00812         0
     12/49        0G   0.06114  0.007211         0   0.06835         2       640    0.2112    0.2222    0.1313   0.05247    0.1127   0.00782         0
     13/49        0G   0.06177  0.007505         0   0.06928         5       640    0.2137    0.2222     0.131   0.05717    0.1124  0.007471         0
     14/49        0G   0.05818  0.007344         0   0.06553         3       640    0.2847    0.2213    0.1572   0.04791    0.1094  0.007503         0
     15/49        0G   0.06931  0.006935         0   0.07625         5       640    0.1917    0.6667    0.2647   0.09331    0.1094  0.007282         0
     16/49        0G   0.06154  0.006599         0   0.06814         2       640     0.262    0.3169    0.2577    0.1084    0.1088  0.007218         0
     17/49        0G   0.05807  0.005909         0   0.06398         2       640   0.09225    0.4444   0.06952   0.01491    0.1092  0.007131         0
     18/49        0G   0.06465  0.006078         0   0.07073         4       640   0.08592    0.8889   0.08891   0.03275    0.1062  0.007227         0
     19/49        0G    0.0654  0.006237         0   0.07164         6       640   0.09903    0.4444   0.09387   0.03561    0.1042  0.007202         0
     20/49        0G   0.07555  0.005649         0    0.0812         4       640    0.2706    0.5556    0.2624   0.09627    0.1016  0.007239         0
     21/49        0G   0.05994   0.00635         0   0.06629         4       640    0.2936    0.5543     0.232    0.1191   0.09232  0.007326         0
     22/49        0G   0.04863  0.005714         0   0.05434         2       640    0.4988    0.4444    0.2971    0.1127   0.08765  0.007548         0
     23/49        0G   0.06251  0.005327         0   0.06784         3       640    0.3821    0.5501    0.3609     0.158   0.08981  0.007124         0
     24/49        0G   0.05771  0.005827         0   0.06353         5       640    0.3293    0.4444    0.2657   0.09208   0.08908  0.007135         0
     25/49        0G   0.05169  0.005444         0   0.05713         1       640    0.3632    0.4444    0.2426    0.0635    0.0909  0.006905         0
     26/49        0G   0.04983  0.005985         0   0.05582         4       640    0.2682    0.3333    0.2108    0.1038   0.08797  0.007088         0
     27/49        0G   0.05028  0.005823         0    0.0561         5       640    0.3123    0.5551    0.2489   0.08162   0.08722  0.007203         0
     28/49        0G   0.04966  0.006295         0   0.05595         5       640     0.277    0.7778    0.2581   0.07492   0.08378  0.007644         0
     29/49        0G   0.05281  0.006121         0   0.05893         4       640    0.5533     0.551    0.4669    0.1743   0.08217  0.007673         0
     30/49        0G    0.0443  0.005598         0   0.04989         4       640    0.5946    0.6667    0.6462    0.2182   0.08339  0.007396         0
     31/49        0G   0.05432  0.005484         0    0.0598         3       640    0.5654    0.8889    0.7288    0.3377   0.08303  0.007303         0
     32/49        0G    0.0552  0.005158         0   0.06036         5       640    0.6885         1    0.7859    0.2816   0.08143  0.007394         0
     33/49        0G   0.05863  0.005798         0   0.06442         6       640     0.568    0.8889    0.6816    0.2538   0.08325   0.00717         0
     34/49        0G   0.04233  0.005927         0   0.04825         4       640    0.7451         1    0.9125    0.3697   0.08212  0.007042         0
     35/49        0G   0.04963  0.005783         0   0.05541         6       640    0.8746    0.7751    0.8845    0.2538   0.08187  0.007007         0
     36/49        0G   0.04622  0.005625         0   0.05185         4       640    0.8158    0.9856    0.9036    0.3696   0.08059  0.007096         0
     37/49        0G     0.051  0.004933         0   0.05593         3       640    0.7767    0.7735    0.8576    0.3376   0.08189  0.006895         0
     38/49        0G   0.04872  0.005135         0   0.05386         3       640    0.6785         1     0.862    0.2954   0.08215  0.006858         0
     39/49        0G   0.05414    0.0055         0   0.05964         8       640    0.6909    0.9938    0.8062    0.3733   0.08234  0.006694         0
     40/49        0G   0.04417  0.004723         0   0.04889         3       640    0.9992    0.7778    0.9455    0.4001    0.0819  0.006758         0
     41/49        0G   0.04817  0.004869         0   0.05304         3       640         1    0.9948     0.995    0.4582   0.08108  0.006773         0
     42/49        0G   0.05759  0.004571         0   0.06216         5       640    0.8888    0.8885    0.9553    0.5068   0.08048  0.006759         0
     43/49        0G   0.04861  0.004753         0   0.05336         5       640    0.4997    0.8878    0.5766     0.183     0.085  0.006584         0
     44/49        0G   0.04656  0.003909         0   0.05047         3       640    0.8888    0.8881    0.9245    0.2323   0.08281   0.00651         0
     45/49        0G   0.04843  0.005274         0    0.0537         7       640    0.9992    0.8889     0.975    0.3447   0.08106  0.006723         0
     46/49        0G    0.0421  0.004445         0   0.04654         1       640         1    0.9979     0.995    0.5695   0.07953  0.006739         0
     47/49        0G   0.03712  0.004535         0   0.04165         2       640    0.8989         1     0.984    0.4606   0.07927  0.006871         0
     48/49        0G   0.05242  0.005184         0   0.05761         4       640    0.9984    0.8889     0.975     0.585    0.0777  0.006963         0
     49/49        0G   0.04926  0.005011         0   0.05428         3       640    0.8999    0.9991     0.984    0.5386   0.07737  0.007007         0
